{
    "sfm_data_version": "0.3",
    "root_path": "/opt/openMVG_Build/software/SfM/ImageDataset_SceauxCastle/images",
    "views": [
        {
            "key": 10,
            "value": {
                "polymorphic_id": 1073741824,
                "ptr_wrapper": {
                    "id": 2147483649,
                    "data": {
                        "local_path": "",
                        "filename": "100_7110.JPG",
                        "width": 2832,
                        "height": 2128,
                        "id_view": 10,
                        "id_intrinsic": 0,
                        "id_pose": 10
                    }
                }
            }
        },
        {
            "key": 9,
            "value": {
                "polymorphic_id": 1073741824,
                "ptr_wrapper": {
                    "id": 2147483650,
                    "data": {
                        "local_path": "",
                        "filename": "100_7109.JPG",
                        "width": 2832,
                        "height": 2128,
                        "id_view": 9,
                        "id_intrinsic": 0,
                        "id_pose": 9
                    }
                }
            }
        },
        {
            "key": 8,
            "value": {
                "polymorphic_id": 1073741824,
                "ptr_wrapper": {
                    "id": 2147483651,
                    "data": {
                        "local_path": "",
                        "filename": "100_7108.JPG",
                        "width": 2832,
                        "height": 2128,
                        "id_view": 8,
                        "id_intrinsic": 0,
                        "id_pose": 8
                    }
                }
            }
        },
        {
            "key": 7,
            "value": {
                "polymorphic_id": 1073741824,
                "ptr_wrapper": {
                    "id": 2147483652,
                    "data": {
                        "local_path": "",
                        "filename": "100_7107.JPG",
                        "width": 2832,
                        "height": 2128,
                        "id_view": 7,
                        "id_intrinsic": 0,
                        "id_pose": 7
                    }
                }
            }
        },
        {
            "key": 6,
            "value": {
                "polymorphic_id": 1073741824,
                "ptr_wrapper": {
                    "id": 2147483653,
                    "data": {
                        "local_path": "",
                        "filename": "100_7106.JPG",
                        "width": 2832,
                        "height": 2128,
                        "id_view": 6,
                        "id_intrinsic": 0,
                        "id_pose": 6
                    }
                }
            }
        },
        {
            "key": 5,
            "value": {
                "polymorphic_id": 1073741824,
                "ptr_wrapper": {
                    "id": 2147483654,
                    "data": {
                        "local_path": "",
                        "filename": "100_7105.JPG",
                        "width": 2832,
                        "height": 2128,
                        "id_view": 5,
                        "id_intrinsic": 0,
                        "id_pose": 5
                    }
                }
            }
        },
        {
            "key": 4,
            "value": {
                "polymorphic_id": 1073741824,
                "ptr_wrapper": {
                    "id": 2147483655,
                    "data": {
                        "local_path": "",
                        "filename": "100_7104.JPG",
                        "width": 2832,
                        "height": 2128,
                        "id_view": 4,
                        "id_intrinsic": 0,
                        "id_pose": 4
                    }
                }
            }
        },
        {
            "key": 3,
            "value": {
                "polymorphic_id": 1073741824,
                "ptr_wrapper": {
                    "id": 2147483656,
                    "data": {
                        "local_path": "",
                        "filename": "100_7103.JPG",
                        "width": 2832,
                        "height": 2128,
                        "id_view": 3,
                        "id_intrinsic": 0,
                        "id_pose": 3
                    }
                }
            }
        },
        {
            "key": 2,
            "value": {
                "polymorphic_id": 1073741824,
                "ptr_wrapper": {
                    "id": 2147483657,
                    "data": {
                        "local_path": "",
                        "filename": "100_7102.JPG",
                        "width": 2832,
                        "height": 2128,
                        "id_view": 2,
                        "id_intrinsic": 0,
                        "id_pose": 2
                    }
                }
            }
        },
        {
            "key": 1,
            "value": {
                "polymorphic_id": 1073741824,
                "ptr_wrapper": {
                    "id": 2147483658,
                    "data": {
                        "local_path": "",
                        "filename": "100_7101.JPG",
                        "width": 2832,
                        "height": 2128,
                        "id_view": 1,
                        "id_intrinsic": 0,
                        "id_pose": 1
                    }
                }
            }
        },
        {
            "key": 0,
            "value": {
                "polymorphic_id": 1073741824,
                "ptr_wrapper": {
                    "id": 2147483659,
                    "data": {
                        "local_path": "",
                        "filename": "100_7100.JPG",
                        "width": 2832,
                        "height": 2128,
                        "id_view": 0,
                        "id_intrinsic": 0,
                        "id_pose": 0
                    }
                }
            }
        }
    ],
    "intrinsics": [
        {
            "key": 0,
            "value": {
                "polymorphic_id": 2147483649,
                "polymorphic_name": "pinhole_radial_k3",
                "ptr_wrapper": {
                    "id": 2147483660,
                    "data": {
                        "width": 2832,
                        "height": 2128,
                        "focal_length": 2987.8539575250445,
                        "principal_point": [
                            1475.0307134060188,
                            1105.0532804813166
                        ],
                        "disto_k3": [
                            -0.24803844075727275,
                            0.2735458392192636,
                            0.13803266610321603
                        ]
                    }
                }
            }
        }
    ],
    "extrinsics": [
        {
            "key": 2,
            "value": {
                "rotation": [
                    [
                        0.9999877009016724,
                        0.0046275655260754329,
                        0.001784287725985629
                    ],
                    [
                        -0.004622149130798665,
                        0.9999847337425074,
                        -0.0030278737323738349
                    ],
                    [
                        -0.0017982721706910513,
                        0.003019589248295291,
                        0.9999938241299151
                    ]
                ],
                "center": [
                    0.020388867243534678,
                    0.007206872171461257,
                    -0.01873049689986121
                ]
            }
        },
        {
            "key": 10,
            "value": {
                "rotation": [
                    [
                        0.6585315773281731,
                        0.13436093850377468,
                        0.7404615451635913
                    ],
                    [
                        -0.08516199871525097,
                        0.9909173437921377,
                        -0.10406849545735747
                    ],
                    [
                        -0.7477189282320543,
                        0.00547320530578891,
                        0.6639928074815183
                    ]
                ],
                "center": [
                    0.6792129316634992,
                    0.10912190753004501,
                    0.7005127584164992
                ]
            }
        },
        {
            "key": 4,
            "value": {
                "rotation": [
                    [
                        0.9754746419048832,
                        0.013142345037094761,
                        0.21971914292447518
                    ],
                    [
                        -0.016354798124275189,
                        0.9997842134697169,
                        0.012808086315045833
                    ],
                    [
                        -0.21950340220336954,
                        -0.016087425638224727,
                        0.9754790880164886
                    ]
                ],
                "center": [
                    0.25504810305584726,
                    0.004717181317706499,
                    -0.005407385796090083
                ]
            }
        },
        {
            "key": 1,
            "value": {
                "rotation": [
                    [
                        0.9937263442245918,
                        -0.005690451693467935,
                        -0.11169409811423523
                    ],
                    [
                        0.009763459896007476,
                        0.9993057976527519,
                        0.03595271378430784
                    ],
                    [
                        0.11141197262811187,
                        -0.03681767968139238,
                        0.9930920555608082
                    ]
                ],
                "center": [
                    -0.12321674162373507,
                    0.017177011446002034,
                    0.029799858494861818
                ]
            }
        },
        {
            "key": 3,
            "value": {
                "rotation": [
                    [
                        0.9963637246466933,
                        0.005447996432308758,
                        0.08502733409346598
                    ],
                    [
                        -0.008197910367954526,
                        0.9994534167522385,
                        0.03202595834436672
                    ],
                    [
                        -0.0848063822702473,
                        -0.03260654960509744,
                        0.9958637911125612
                    ]
                ],
                "center": [
                    0.10738367149193662,
                    0.005751453494726696,
                    -0.013403749365902492
                ]
            }
        },
        {
            "key": 7,
            "value": {
                "rotation": [
                    [
                        0.8404723929308354,
                        0.036781890404162149,
                        0.540604522048615
                    ],
                    [
                        -0.08469343449866514,
                        0.9943483814036582,
                        0.06401811113072122
                    ],
                    [
                        -0.5351945243310469,
                        -0.09959110873075596,
                        0.8388375481509177
                    ]
                ],
                "center": [
                    0.5637138495358069,
                    0.040764478865324599,
                    0.25568852688080148
                ]
            }
        },
        {
            "key": 8,
            "value": {
                "rotation": [
                    [
                        0.792216837937514,
                        0.05990077112751154,
                        0.6072926636364184
                    ],
                    [
                        -0.09987965572612706,
                        0.9944782826896019,
                        0.032202478643274957
                    ],
                    [
                        -0.6020104119201901,
                        -0.08616752797353378,
                        0.793825308907831
                    ]
                ],
                "center": [
                    0.6348174969427409,
                    0.06496112317128147,
                    0.40656193277823746
                ]
            }
        },
        {
            "key": 6,
            "value": {
                "rotation": [
                    [
                        0.9184014568447455,
                        0.02608692046470039,
                        0.3947888507115131
                    ],
                    [
                        -0.03834763444410798,
                        0.9989951801907349,
                        0.023196743052036514
                    ],
                    [
                        -0.39378702746280266,
                        -0.036443141142738198,
                        0.9184790005578029
                    ]
                ],
                "center": [
                    0.49248354480292785,
                    0.020733627694405584,
                    0.11210037246911882
                ]
            }
        },
        {
            "key": 5,
            "value": {
                "rotation": [
                    [
                        0.9524951139217678,
                        0.022870063155491298,
                        0.30369395477424729
                    ],
                    [
                        -0.03201520190213165,
                        0.9991704666641523,
                        0.025167546429990845
                    ],
                    [
                        -0.302866447138544,
                        -0.03369478828251987,
                        0.9524371771619752
                    ]
                ],
                "center": [
                    0.3866119925072781,
                    0.009327564041840637,
                    0.03375402769284434
                ]
            }
        },
        {
            "key": 0,
            "value": {
                "rotation": [
                    [
                        0.9712469624091277,
                        -0.03823716819542297,
                        -0.23498352491065728
                    ],
                    [
                        0.052201470057220717,
                        0.9972027640479532,
                        0.05349442867240884
                    ],
                    [
                        0.23228074507997355,
                        -0.0642227867934527,
                        0.9705261918781868
                    ]
                ],
                "center": [
                    -0.31703816563818779,
                    0.03778525157862726,
                    0.13083604379489126
                ]
            }
        },
        {
            "key": 9,
            "value": {
                "rotation": [
                    [
                        0.6913769934536007,
                        0.05807273906480226,
                        0.7201565176408329
                    ],
                    [
                        -0.10867921815250473,
                        0.9937823020917187,
                        0.024198421251069095
                    ],
                    [
                        -0.7142735333643688,
                        -0.09499627901552406,
                        0.6933895200451076
                    ]
                ],
                "center": [
                    0.681330677427497,
                    0.08598935950913418,
                    0.5454021705339719
                ]
            }
        }
    ],
    "structure": [],
    "control_points": []
}